Старт вычислений
SUM = 55.0
DIFF = -18.400000000000002
DIV = 0.4986376021798365
Вычисления завершены
